0	770	0	1
0.01	769.954	0.006	1.0402
0.02	769.906	0.0122412	1.08201
0.03	769.856	0.0187333	1.1255
0.04	769.804	0.0254863	1.17074
0.05	769.75	0.0325107	1.21779
0.06	769.693	0.0398175	1.26673
0.07	769.635	0.0474178	1.31763
0.08	769.574	0.0553236	1.37057
0.09	769.511	0.063547	1.42563
0.1	769.445	0.0721007	1.4829
0.11	769.377	0.0809981	1.54246
0.12	769.305	0.0902529	1.60441
0.13	769.231	0.0998793	1.66884
0.14	769.154	0.109892	1.73585
0.15	769.074	0.120307	1.80554
0.16	768.991	0.131141	1.87802
0.17	768.904	0.142409	1.95341
0.18	768.814	0.154129	2.0318
0.19	768.72	0.16632	2.11334
0.2	768.623	0.179	2.19813
0.21	768.521	0.192189	2.28632
0.22	768.416	0.205907	2.37802
0.23	768.306	0.220175	2.47339
0.24	768.192	0.235015	2.57257
0.25	768.074	0.250451	2.67571
0.26	767.951	0.266505	2.78297
0.27	767.822	0.283203	2.8945
0.28	767.689	0.30057	3.01048
0.29	767.55	0.318633	3.13108
0.3	767.406	0.337419	3.25649
0.31	767.256	0.356958	3.3869
0.32	767.1	0.377279	3.52249
0.33	766.938	0.398414	3.66348
0.34	766.77	0.420395	3.81008
0.35	766.594	0.443256	3.96251
0.36	766.412	0.467031	4.12099
0.37	766.222	0.491757	4.28577
0.38	766.025	0.517471	4.45709
0.39	765.821	0.544214	4.6352
0.4	765.608	0.572025	4.82037
0.41	765.386	0.600947	5.01288
0.42	765.156	0.631025	5.21301
0.43	764.917	0.662303	5.42106
0.44	764.668	0.694829	5.63733
0.45	764.409	0.728653	5.86215
0.46	764.14	0.763826	6.09584
0.47	763.861	0.800401	6.33875
0.48	763.57	0.838433	6.59123
0.49	763.268	0.877981	6.85365
0.5	762.954	0.919103	7.1264
0.51	762.628	0.961861	7.40987
0.52	762.289	1.00632	7.70447
0.53	761.937	1.05255	8.01063
0.54	761.571	1.10061	8.32878
0.55	761.19	1.15058	8.65938
0.56	760.795	1.20254	9.00291
0.57	760.384	1.25656	9.35986
0.58	759.957	1.31272	9.73072
0.59	759.513	1.3711	10.116
0.6	759.052	1.4318	10.5163
0.61	758.573	1.4949	10.9322
0.62	758.075	1.56049	11.3642
0.63	757.558	1.62867	11.8129
0.64	757.022	1.69955	12.2789
0.65	756.464	1.77322	12.763
0.66	755.885	1.8498	13.2657
0.67	755.283	1.9294	13.7877
0.68	754.658	2.01212	14.3298
0.69	754.009	2.0981	14.8927
0.7	753.335	2.18746	15.4771
0.71	752.636	2.28032	16.0838
0.72	751.91	2.37682	16.7136
0.73	751.156	2.4771	17.3674
0.74	750.373	2.58131	18.0459
0.75	749.56	2.68958	18.7501
0.76	748.717	2.80208	19.4808
0.77	747.842	2.91897	20.2391
0.78	746.934	3.0404	21.0258
0.79	745.992	3.16656	21.8419
0.8	745.014	3.29761	22.6885
0.81	744	3.43374	23.5666
0.82	742.948	3.57514	24.4772
0.83	741.857	3.722	25.4214
0.84	740.725	3.87453	26.4005
0.85	739.552	4.03293	27.4154
0.86	738.335	4.19743	28.4674
0.87	737.074	4.36823	29.5577
0.88	735.767	4.54558	30.6875
0.89	734.412	4.7297	31.8581
0.9	733.008	4.92085	33.0708
0.91	731.554	5.11928	34.3268
0.92	730.047	5.32524	35.6276
0.93	728.487	5.539	36.9744
0.94	726.87	5.76085	38.3687
0.95	725.197	5.99106	39.8118
0.96	723.465	6.22993	41.3052
0.97	721.672	6.47776	42.8504
0.98	719.816	6.73487	44.4487
0.99	717.897	7.00156	46.1017
1	715.911	7.27817	47.8109
1.01	713.857	7.56503	49.5777
1.02	711.734	7.8625	51.4037
1.03	709.539	8.17092	53.2905
1.04	707.27	8.49067	55.2394
1.05	704.926	8.8221	57.2521
1.06	702.504	9.16562	59.3301
1.07	700.003	9.5216	61.4749
1.08	697.422	9.89045	63.688
1.09	694.756	10.2726	65.971
1.1	692.006	10.6684	68.3252
1.11	689.17	11.0784	70.7521
1.12	686.244	11.5029	73.2532
1.13	683.228	11.9424	75.8299
1.14	680.119	12.3974	78.4834
1.15	676.917	12.8683	81.2152
1.16	673.618	13.3556	84.0265
1.17	670.222	13.8597	86.9184
1.18	666.727	14.3812	89.8922
1.19	663.131	14.9206	92.9488
1.2	659.432	15.4783	96.0894
1.21	655.63	16.0548	99.3147
1.22	651.724	16.6507	102.626
1.23	647.711	17.2664	106.023
1.24	643.59	17.9026	109.507
1.25	639.362	18.5596	113.079
1.26	635.024	19.2381	116.738
1.27	630.576	19.9385	120.486
1.28	626.017	20.6614	124.321
1.29	621.348	21.4074	128.245
1.3	616.567	22.1768	132.257
1.31	611.674	22.9704	136.356
1.32	606.67	23.7885	140.542
1.33	601.554	24.6318	144.814
1.34	596.327	25.5006	149.172
1.35	590.99	26.3957	153.615
1.36	585.543	27.3174	158.14
1.37	579.987	28.2662	162.747
1.38	574.323	29.2427	167.434
1.39	568.554	30.2473	172.199
1.4	562.679	31.2805	177.04
1.41	556.702	32.3427	181.955
1.42	550.625	33.4345	186.941
1.43	544.449	34.5561	191.995
1.44	538.177	35.7081	197.115
1.45	531.812	36.8908	202.297
1.46	525.357	38.1046	207.539
1.47	518.815	39.3498	212.835
1.48	512.189	40.6268	218.184
1.49	505.484	41.9359	223.58
1.5	498.703	43.2774	229.019
1.51	491.851	44.6515	234.498
1.52	484.93	46.0585	240.011
1.53	477.947	47.4985	245.554
1.54	470.905	48.9719	251.123
1.55	463.81	50.4786	256.711
1.56	456.666	52.0189	262.315
1.57	449.479	53.5928	267.929
1.58	442.253	55.2003	273.547
1.59	434.994	56.8416	279.164
1.6	427.708	58.5166	284.775
1.61	420.4	60.2253	290.374
1.62	413.076	61.9675	295.957
1.63	405.741	63.7432	301.516
1.64	398.401	65.5523	307.047
1.65	391.061	67.3946	312.545
1.66	383.727	69.2699	318.003
1.67	376.406	71.1779	323.416
1.68	369.102	73.1184	328.78
1.69	361.82	75.0911	334.088
1.7	354.568	77.0956	339.337
1.71	347.349	79.1316	344.52
1.72	340.169	81.1987	349.633
1.73	333.032	83.2965	354.671
1.74	325.945	85.4246	359.63
1.75	318.912	87.5823	364.505
1.76	311.938	89.7694	369.293
1.77	305.026	91.9851	373.989
1.78	298.181	94.2291	378.59
1.79	291.408	96.5006	383.092
1.8	284.71	98.7992	387.491
1.81	278.09	101.124	391.786
1.82	271.553	103.475	395.972
1.83	265.102	105.851	400.048
1.84	258.738	108.251	404.011
1.85	252.466	110.675	407.859
1.86	246.288	113.122	411.59
1.87	240.206	115.592	415.202
1.88	234.222	118.083	418.695
1.89	228.338	120.595	422.067
1.9	222.555	123.127	425.317
1.91	216.876	125.679	428.445
1.92	211.301	128.25	431.449
1.93	205.831	130.839	434.33
1.94	200.467	133.445	437.088
1.95	195.21	136.067	439.723
1.96	190.059	138.706	442.235
1.97	185.016	141.359	444.625
1.98	180.081	144.027	446.893
1.99	175.252	146.708	449.04
2	170.53	149.402	451.067
2.01	165.915	152.109	452.976
2.02	161.406	154.827	454.768
2.03	157.002	157.555	456.443
2.04	152.702	160.294	458.004
2.05	148.506	163.042	459.452
2.06	144.412	165.799	460.79
2.07	140.419	168.563	462.018
2.08	136.527	171.335	463.138
2.09	132.733	174.114	464.153
2.1	129.036	176.899	465.065
2.11	125.436	179.69	465.875
2.12	121.929	182.485	466.586
2.13	118.516	185.284	467.2
2.14	115.194	188.088	467.719
2.15	111.961	190.894	468.145
2.16	108.816	193.703	468.481
2.17	105.757	196.514	468.729
2.18	102.783	199.326	468.891
2.19	99.8915	202.139	468.969
2.2	97.0808	204.953	468.966
2.21	94.3491	207.767	468.884
2.22	91.6948	210.58	468.725
2.23	89.116	213.393	468.491
2.24	86.611	216.204	468.185
2.25	84.178	219.013	467.809
2.26	81.8152	221.82	467.365
2.27	79.521	224.624	466.855
2.28	77.2935	227.425	466.282
2.29	75.1311	230.223	465.646
2.3	73.032	233.016	464.952
2.31	70.9946	235.806	464.199
2.32	69.0173	238.591	463.391
2.33	67.0984	241.372	462.53
2.34	65.2363	244.147	461.617
2.35	63.4294	246.917	460.654
2.36	61.6763	249.68	459.643
2.37	59.9753	252.438	458.586
2.38	58.3251	255.19	457.485
2.39	56.7241	257.935	456.341
2.4	55.171	260.673	455.156
2.41	53.6643	263.404	453.932
2.42	52.2027	266.127	452.67
2.43	50.7849	268.843	451.372
2.44	49.4095	271.552	450.039
2.45	48.0753	274.252	448.673
2.46	46.7811	276.944	447.275
2.47	45.5257	279.628	445.847
2.48	44.3078	282.303	444.39
2.49	43.1264	284.969	442.905
2.5	41.9804	287.626	441.393
2.51	40.8686	290.275	439.857
2.52	39.79	292.914	438.296
2.53	38.7436	295.544	436.713
2.54	37.7284	298.164	435.108
2.55	36.7435	300.775	433.482
2.56	35.7878	303.375	431.837
2.57	34.8605	305.966	430.173
2.58	33.9608	308.547	428.492
2.59	33.0877	311.118	426.794
2.6	32.2404	313.679	425.08
2.61	31.4181	316.23	423.352
2.62	30.62	318.77	421.61
2.63	29.8454	321.299	419.855
2.64	29.0936	323.819	418.088
2.65	28.3638	326.327	416.309
2.66	27.6553	328.825	414.52
2.67	26.9675	331.312	412.72
2.68	26.2997	333.788	410.912
2.69	25.6513	336.254	409.095
2.7	25.0216	338.708	407.27
2.71	24.4102	341.152	405.438
2.72	23.8164	343.585	403.599
2.73	23.2397	346.006	401.754
2.74	22.6795	348.417	399.904
2.75	22.1353	350.816	398.048
2.76	21.6066	353.205	396.189
2.77	21.093	355.582	394.325
2.78	20.594	357.948	392.458
2.79	20.109	360.302	390.589
2.8	19.6378	362.646	388.716
2.81	19.1798	364.978	386.842
2.82	18.7346	367.299	384.966
2.83	18.3018	369.609	383.089
2.84	17.8812	371.908	381.211
2.85	17.4722	374.195	379.333
2.86	17.0745	376.471	377.455
2.87	16.6878	378.736	375.577
2.88	16.3118	380.989	373.699
2.89	15.946	383.231	371.823
2.9	15.5903	385.462	369.948
2.91	15.2442	387.682	368.074
2.92	14.9076	389.89	366.202
2.93	14.58	392.088	364.332
2.94	14.2613	394.274	362.465
2.95	13.9511	396.448	360.601
2.96	13.6493	398.612	358.739
2.97	13.3555	400.764	356.88
2.98	13.0695	402.906	355.025
2.99	12.7911	405.036	353.173
3	12.5201	407.155	351.325
3.01	12.2562	409.263	349.481
3.02	11.9992	411.36	347.641
3.03	11.7489	413.445	345.806
3.04	11.5051	415.52	343.975
3.05	11.2677	417.584	342.148
3.06	11.0363	419.637	340.327
3.07	10.811	421.679	338.51
3.08	10.5914	423.71	336.699
3.09	10.3774	425.73	334.892
3.1	10.1689	427.74	333.091
3.11	9.9657	429.738	331.296
3.12	9.7676	431.726	329.506
3.13	9.57449	433.703	327.723
3.14	9.38622	435.669	325.944
3.15	9.20266	437.625	324.172
3.16	9.02367	439.57	322.406
3.17	8.84911	441.504	320.646
3.18	8.67886	443.428	318.893
3.19	8.51281	445.342	317.145
3.2	8.35082	447.245	315.405
3.21	8.19278	449.137	313.67
3.22	8.03859	451.019	311.942
3.23	7.88814	452.891	310.221
3.24	7.74132	454.752	308.507
3.25	7.59802	456.603	306.799
3.26	7.45816	458.444	305.098
3.27	7.32163	460.274	303.404
3.28	7.18834	462.095	301.717
3.29	7.05821	463.905	300.037
3.3	6.93115	465.705	298.363
3.31	6.80707	467.496	296.697
3.32	6.68589	469.276	295.038
3.33	6.56754	471.046	293.387
3.34	6.45193	472.806	291.742
3.35	6.33899	474.557	290.104
3.36	6.22865	476.297	288.474
3.37	6.12084	478.028	286.851
3.38	6.0155	479.749	285.235
3.39	5.91255	481.461	283.627
3.4	5.81193	483.162	282.026
3.41	5.71358	484.855	280.432
3.42	5.61745	486.537	278.845
3.43	5.52346	488.21	277.266
3.44	5.43157	489.874	275.695
3.45	5.34173	491.528	274.13
3.46	5.25387	493.173	272.573
3.47	5.16794	494.808	271.024
3.48	5.08391	496.434	269.482
3.49	5.0017	498.051	267.947
3.5	4.92129	499.659	266.42
3.51	4.84262	501.258	264.9
3.52	4.76566	502.847	263.387
3.53	4.69034	504.427	261.882
3.54	4.61664	505.999	260.385
3.55	4.54452	507.561	258.895
3.56	4.47392	509.114	257.412
3.57	4.40483	510.659	255.936
3.58	4.33718	512.194	254.469
3.59	4.27096	513.721	253.008
3.6	4.20613	515.239	251.555
3.61	4.14264	516.748	250.109
3.62	4.08048	518.249	248.67
3.63	4.0196	519.741	247.239
3.64	3.95997	521.225	245.815
3.65	3.90156	522.699	244.399
3.66	3.84435	524.166	242.99
3.67	3.7883	525.624	241.588
3.68	3.73339	527.073	240.193
3.69	3.67959	528.515	238.806
3.7	3.62686	529.947	237.426
3.71	3.5752	531.372	236.053
3.72	3.52456	532.788	234.687
3.73	3.47493	534.196	233.329
3.74	3.42628	535.596	231.977
3.75	3.37859	536.988	230.633
3.76	3.33184	538.372	229.296
3.77	3.286	539.748	227.966
3.78	3.24106	541.116	226.643
3.79	3.19698	542.475	225.328
3.8	3.15376	543.827	224.019
3.81	3.11137	545.171	222.717
3.82	3.06979	546.508	221.422
3.83	3.02901	547.836	220.135
3.84	2.989	549.157	218.854
3.85	2.94975	550.47	217.58
3.86	2.91124	551.776	216.313
3.87	2.87346	553.074	215.053
3.88	2.83638	554.364	213.8
3.89	2.8	555.647	212.553
3.9	2.76429	556.922	211.314
3.91	2.72924	558.19	210.081
3.92	2.69484	559.45	208.855
3.93	2.66107	560.704	207.635
3.94	2.62792	561.949	206.423
3.95	2.59537	563.188	205.217
3.96	2.56341	564.419	204.017
3.97	2.53203	565.643	202.825
3.98	2.50122	566.86	201.639
3.99	2.47096	568.07	200.459
4	2.44124	569.273	199.286
4.01	2.41205	570.469	198.119
4.02	2.38338	571.657	196.959
4.03	2.35521	572.839	195.806
4.04	2.32754	574.014	194.659
4.05	2.30036	575.182	193.518
4.06	2.27365	576.343	192.383
4.07	2.2474	577.497	191.255
4.08	2.22161	578.645	190.134
4.09	2.19627	579.786	189.018
4.1	2.17136	580.92	187.909
4.11	2.14688	582.047	186.806
4.12	2.12282	583.168	185.709
4.13	2.09916	584.282	184.619
4.14	2.07591	585.39	183.534
4.15	2.05305	586.491	182.456
4.16	2.03058	587.586	181.384
4.17	2.00848	588.674	180.317
4.18	1.98675	589.756	179.257
4.19	1.96538	590.832	178.203
4.2	1.94436	591.901	177.155
4.21	1.9237	592.964	176.113
4.22	1.90337	594.02	175.076
4.23	1.88338	595.071	174.046
4.24	1.86371	596.115	173.021
4.25	1.84436	597.153	172.002
4.26	1.82533	598.185	170.989
4.27	1.8066	599.211	169.982
4.28	1.78817	600.231	168.981
4.29	1.77004	601.245	167.985
4.3	1.7522	602.253	166.995
4.31	1.73465	603.255	166.01
4.32	1.71737	604.251	165.032
4.33	1.70036	605.241	164.058
4.34	1.68363	606.225	163.091
4.35	1.66715	607.204	162.129
4.36	1.65093	608.177	161.172
4.37	1.63497	609.144	160.221
4.38	1.61925	610.105	159.276
4.39	1.60378	611.061	158.335
4.4	1.58854	612.011	157.401
4.41	1.57354	612.955	156.471
4.42	1.55877	613.894	155.547
4.43	1.54422	614.827	154.628
4.44	1.52989	615.755	153.715
4.45	1.51578	616.677	152.807
4.46	1.50188	617.594	151.904
4.47	1.4882	618.506	151.006
4.48	1.47471	619.412	150.114
4.49	1.46143	620.312	149.226
4.5	1.44834	621.208	148.344
4.51	1.43545	622.098	147.467
4.52	1.42275	622.983	146.595
4.53	1.41024	623.862	145.728
4.54	1.39791	624.737	144.866
4.55	1.38576	625.606	144.008
4.56	1.37378	626.47	143.156
4.57	1.36198	627.329	142.309
4.58	1.35035	628.183	141.467
4.59	1.33889	629.031	140.63
4.6	1.32759	629.875	139.797
4.61	1.31646	630.714	138.97
4.62	1.30548	631.548	138.147
4.63	1.29466	632.377	137.329
4.64	1.28399	633.201	136.515
4.65	1.27348	634.02	135.707
4.66	1.26311	634.834	134.903
4.67	1.25288	635.643	134.104
4.68	1.2428	636.448	133.309
4.69	1.23286	637.248	132.519
4.7	1.22306	638.043	131.734
4.71	1.21339	638.833	130.953
4.72	1.20386	639.619	130.177
4.73	1.19446	640.4	129.405
4.74	1.18518	641.177	128.638
4.75	1.17603	641.948	127.876
4.76	1.16701	642.716	127.117
4.77	1.15811	643.478	126.364
4.78	1.14933	644.237	125.614
4.79	1.14067	644.99	124.869
4.8	1.13212	645.739	124.128
4.81	1.12369	646.484	123.392
4.82	1.11537	647.225	122.66
4.83	1.10716	647.961	121.932
4.84	1.09906	648.692	121.209
4.85	1.09107	649.419	120.49
4.86	1.08318	650.142	119.775
4.87	1.0754	650.861	119.064
4.88	1.06771	651.575	118.357
4.89	1.06013	652.285	117.654
4.9	1.05265	652.991	116.956
4.91	1.04526	653.693	116.262
4.92	1.03797	654.391	115.571
4.93	1.03077	655.084	114.885
4.94	1.02367	655.773	114.203
4.95	1.01665	656.459	113.525
4.96	1.00973	657.14	112.85
4.97	1.00289	657.817	112.18
4.98	0.996141	658.49	111.514
4.99	0.989476	659.159	110.851
5	0.982895	659.824	110.193
5.01	0.976396	660.485	109.538
